1014784532123
A.SAI CHARAN
akachikuppamsaicharan@gmail.com
9885371555

1478987895123
T.Poornima
poonima.t@vit.ac.in
7989591890

1478523694512
B.Charvi Sri
Charvi.Bodagala@gmail.com
9866454598

7895123647896
A.HARI CHARAN
happafasa@gmail.com
7895178950


79845
1200.72
157.88
1014784532123

15478
1578.32
700.89
1014784532123

76412
1800.65
560.32
1478987895123

73654
9750.55
1000.00
1478987895123

56915
8847.88
2500.00
1478523694512

86674
500.72
76.33
1478523694512

72554
672.23
45.72
7895123647896

75466
10000.00
1000
7895123647896

77756
12000.85
675.231014784532123
1014784532123

22248
50.00
1.00
1478987895123